0.7
1.0
0.7
0.7
0.8
0.5
1.0
1.0
0.7
1.0
0.7
0.6
0.7
1.0
1.0
1.0
1.0
0.59
0.8
0.8
0.5
1.0
1.0
0.7
1.0
1.0
1.0
0.9
0.7
0.5
0.5
0.5
0.5
0.7
0.5
0.5
0.5
0.2
1.0
0.5
0.6
0.7
1.0
0.7
0.5
0.7
0.7
0.6
0.7
1.0
0.5
1.0
0.7
0.3
0.5
0.6
0.5
1.0
0.3
0.5
0.7
0.8
0.7
0.6
0.7
0.3
1.0
0.6
0.5
1.0
0.7
0.7
0.7
0.5
0.7
0.5
0.7
0.9
0.7
1.0
0.8
0.7
0.5
1.0
0.7
0.6
0.7
0.5
0.5
0.7
0.5
0.5
0.5
0.6
0.7
0.7
0.7
0.7
0.7
0.5
0.7
0.5
0.5
0.7
0.7
0.5
0.7
0.7
0.7
0.7
0.5
0.5
0.5
0.6
0.5
0.9
0.6
0.8
0.9
0.7
1.0
0.7
1.0
1.0
1.0
0.7
1.0
1.0
0.7
0.8
0.7
0.7
0.7
0.7
0.6
0.7
0.5
1.0
0.5
1.0
1.0
1.0
1.0
0.7
1.0
0.7
0.7
0.9
0.7
0.7
0.8
0.8
0.7
1.0
0.5
0.7
1.0
0.7
0.7
1.0
0.7
0.7
0.7
0.7
0.7
0.7
0.7
0.5
0.5
0.7
0.7
0.5
0.6
0.7
0.6
0.7
0.6
0.7
0.8
0.5
0.7
0.7
0.6
0.7
0.7
0.7
0.4
1.0
0.7
0.5
0.7
0.7
0.7
0.7
0.5
0.6
0.5
0.5
0.7
0.5
0.5
0.5
0.5
1.0
0.8
0.7
0.5
0.6
0.7
0.7
0.6
0.7
0.7
0.7
1.0
0.5
0.7
0.8
0.7
1.0
1.0
0.9
0.7
0.7
0.7
0.8
0.7
0.7
1.0
0.7
1.0
1.0
0.77
0.6
0.6
1.0
0.8
0.7
0.7
0.9
0.8
1.0
0.7
0.7
0.7
0.6
0.6
0.7
0.7
0.8
1.0
0.7
0.8
0.5
0.6
0.7
0.7
0.5
0.7
0.7
0.7
0.7
0.5
0.6
0.6
0.8
0.8
0.5
0.5
1.0
1.0
1.0
0.7
0.6
0.7
0.5
0.9
0.7
0.7
0.5
0.7
0.7
0.5
0.8
0.5
0.7
0.5
0.7
0.7
0.8
0.7
1.0
0.8
0.7
0.8
0.7
0.6
0.7
1.0
0.7
0.7
0.5
0.5
1.0
0.68
1.0
0.9
0.7
0.5
0.5
0.7
0.5
0.5
0.5
0.7
0.6
0.5
0.8
0.5
1.0
0.5
0.5
1.0
0.6
0.7
1.0
1.0
0.6
1.0
1.0
0.8
1.0
0.5
0.4
1.0
0.7
0.7
0.7
0.6
0.2
0.7
0.7
0.7
0.7
1.0
0.7
1.0
1.0
0.7
0.8
0.7
0.8
1.0
1.0
1.0
0.7
0.7
0.7
0.5
0.6
0.7
0.9
0.5
0.8
0.7
1.0
1.0
1.0
1.0
0.7
0.7
1.0
0.7
0.7
0.5
1.0
0.5
0.7
0.7
0.7
0.7
1.0
0.7
0.7
0.6
0.7
0.7
0.7
0.8
0.2
0.5
0.7
0.3
0.6
0.7
0.7
0.7
0.7
0.7
0.7
0.5
0.7
0.5
0.5
0.7
0.7
1.0
0.6
0.7
1.0
0.7
0.5
0.59
0.5
0.62
0.7
0.6
0.6
0.7
0.7
0.6
0.7
0.7
0.7
1.0
0.2
0.7
0.5
0.5
0.7
0.7
0.7
0.5
0.9
0.8
0.7
0.7
0.8
0.7
0.7
0.5
0.8
1.0
0.8
1.0
0.7
1.0
0.8
0.8
0.7
0.7
1.0
0.7
0.6
0.7
1.0
1.0
1.0
0.7
1.0
0.5
1.0
0.8
0.8
0.8
0.7
0.8
1.0
0.7
1.0
0.7
0.6
0.7
0.7
1.0
0.5
1.0
0.6
0.7
0.75
0.7
0.7
0.5
0.7
0.7
0.7
0.5
0.7
0.7
0.7
1.0
0.9
0.6
0.8
0.7
0.7
0.7
0.5
0.7
0.7
0.6
0.8
1.0
0.7
0.7
0.7
0.7
0.5
1.0
0.7
0.8
0.6
0.7
1.0
0.7
0.7
0.7
0.32
1.0
0.58
0.7
0.7
0.6
1.0
0.7
0.8
0.7
1.0
0.5
0.5
1.0
0.71
1.0
1.0
0.7
0.8
0.8
0.68
1.0
1.0
0.7
0.6
1.0
0.5
0.7
0.7
0.6
1.0
0.7
0.4
0.4
0.7
1.0
0.6
0.7
1.0
0.7
0.8
0.7
0.7
0.5
0.3
0.5
0.6
1.0
0.7
0.8
0.32
0.4
0.5
0.7
0.7
0.5
1.0
0.7
1.0
1.0
0.5
0.5
0.7
0.7
0.7
0.5
0.7
0.7
0.7
0.5
0.7
1.0
0.7
0.5
